"species","clim_model","ncells","sdm0","sdm1","sdm2","sdm3","sdm4","sdm5"
"Papilio appalachiensis","current",15312,50.4,10.1,7.7,6.3,9.8,15.7
"Papilio appalachiensis","ensemble_ssp245_2041",73864,8.9,36.2,49.6,5.2,0,0
"Papilio appalachiensis","ensemble_ssp245_2071",186001,3.9,26.5,49.8,19,0.4,0.5
"Papilio appalachiensis","ensemble_ssp370_2041",73864,8.1,41.3,46.7,3.9,0,0
"Papilio appalachiensis","ensemble_ssp370_2071",186001,3,26.2,60.6,9.9,0.1,0
"Papilio brevicauda","current",28298,61.7,9.3,6.8,8.5,7.5,6
"Papilio brevicauda","ensemble_ssp245_2041",80466,5.6,9.2,8.2,8.1,29.2,39.7
"Papilio brevicauda","ensemble_ssp245_2071",179918,0.4,3.3,4.8,17.5,32.5,41.4
"Papilio brevicauda","ensemble_ssp370_2041",80466,2.8,9,8.4,9.6,28,42.1
"Papilio brevicauda","ensemble_ssp370_2071",179918,0,0.1,2.2,9.7,39.1,49
"Papilio canadensis","current",667294,73.4,5.5,4.2,3.7,2.8,10.3
"Papilio canadensis","ensemble_ssp245_2041",939843,70.9,14.3,9.6,2.3,1.6,1.3
"Papilio canadensis","ensemble_ssp245_2071",1243537,72.8,12.5,10.1,2.1,1.4,1.2
"Papilio canadensis","ensemble_ssp370_2041",939843,68.8,14,11.4,2.7,1.9,1.3
"Papilio canadensis","ensemble_ssp370_2071",1243537,65.4,14.2,14.4,2.6,1.8,1.6
"Papilio cresphontes","current",320593,56.6,12.2,7.9,6.2,5.5,11.6
"Papilio cresphontes","ensemble_ssp245_2041",460561,36.6,23.8,18.2,11.1,8.3,1.9
"Papilio cresphontes","ensemble_ssp245_2071",678198,33.1,34.9,13.3,9.7,7.2,1.8
"Papilio cresphontes","ensemble_ssp370_2041",460561,32.7,24.3,18.9,12.9,9,2.3
"Papilio cresphontes","ensemble_ssp370_2071",678198,26.8,27,16.4,13.8,13.6,2.5
"Papilio eurymedon","current",186321,72.9,3.7,3.1,2.9,4.4,13
"Papilio eurymedon","ensemble_ssp245_2041",293413,63.1,11.8,6.4,5.1,5.4,8.2
"Papilio eurymedon","ensemble_ssp245_2071",516308,75.6,9,4.7,3.3,3.2,4.2
"Papilio eurymedon","ensemble_ssp370_2041",293413,62.1,11.8,7.1,5.4,5.7,7.9
"Papilio eurymedon","ensemble_ssp370_2071",516308,73.5,10.9,5.7,3.7,3,3.3
"Papilio glaucus","current",224386,52,9.8,10,7.6,7.6,12.9
"Papilio glaucus","ensemble_ssp245_2041",331261,43.5,29.6,18.7,7.6,0.6,0
"Papilio glaucus","ensemble_ssp245_2071",564037,57.1,22.1,14.3,6.1,0.4,0
"Papilio glaucus","ensemble_ssp370_2041",331261,40.7,30.1,20.6,8,0.6,0
"Papilio glaucus","ensemble_ssp370_2071",564037,42.1,28.2,19.9,7.8,2,0
"Papilio indra","current",155228,43.1,19,14.9,8.9,7.1,7
"Papilio indra","ensemble_ssp245_2041",254679,11.5,15.6,22,20.7,14.8,15.5
"Papilio indra","ensemble_ssp245_2071",463000,10,11.9,45.5,15.3,9,8.2
"Papilio indra","ensemble_ssp370_2041",254679,10.8,14.9,21.7,21.8,15.1,15.6
"Papilio indra","ensemble_ssp370_2071",463000,8.5,11.6,47.1,16.5,8.9,7.3
"Papilio machaon","current",1129872,61.4,8.3,12.5,6.9,4.3,6.6
"Papilio machaon","ensemble_ssp245_2041",1302159,60.8,15.9,11.5,5.3,2.8,3.7
"Papilio machaon","ensemble_ssp245_2071",1521753,59.6,18.6,11.4,4.6,2.8,3
"Papilio machaon","ensemble_ssp370_2041",1302159,58.9,16.7,12.2,5.7,3,3.6
"Papilio machaon","ensemble_ssp370_2071",1521753,51.5,20.2,15.1,6.1,3.8,3.3
"Papilio multicaudata","current",357228,61.4,13.2,7.6,6.6,3.8,7.4
"Papilio multicaudata","ensemble_ssp245_2041",467990,53.4,17.6,7.1,5.5,6.2,10.3
"Papilio multicaudata","ensemble_ssp245_2071",672385,60.3,19.4,5.8,3.7,4,6.7
"Papilio multicaudata","ensemble_ssp370_2041",467990,52.1,19.4,7.5,5.5,5.7,9.8
"Papilio multicaudata","ensemble_ssp370_2071",672385,58.7,20.9,7.8,3.9,3.5,5.2
"Papilio palamedes","current",73277,60.1,8.9,5.3,5,4.7,16
"Papilio palamedes","ensemble_ssp245_2041",149646,58.1,29.6,11.7,0.5,0.1,0
"Papilio palamedes","ensemble_ssp245_2071",320184,67.1,22.6,8.8,1.1,0.3,0.1
"Papilio palamedes","ensemble_ssp370_2041",149646,57.7,31.1,11,0.2,0,0
"Papilio palamedes","ensemble_ssp370_2071",320184,69.7,22.7,6.3,0.9,0.3,0.1
"Papilio polyxenes","current",575916,62.2,5.1,7.8,6.9,5.1,13
"Papilio polyxenes","ensemble_ssp245_2041",705562,64.5,15.7,10.3,6.1,2.7,0.7
"Papilio polyxenes","ensemble_ssp245_2071",896464,58.4,21.9,9.9,5.7,3,1.1
"Papilio polyxenes","ensemble_ssp370_2041",705562,62.2,16.3,10.8,6.5,3.3,1
"Papilio polyxenes","ensemble_ssp370_2071",896464,46.9,23.8,12.9,8.3,6,2.1
"Papilio rumiko","current",186333,67,9.8,6.7,5.4,4.6,6.5
"Papilio rumiko","ensemble_ssp245_2041",249558,67.2,13.9,11.2,4,2.4,1.3
"Papilio rumiko","ensemble_ssp245_2071",387873,74.6,11.4,8.3,3,1.7,1.1
"Papilio rumiko","ensemble_ssp370_2041",249558,66.5,13.4,11.9,4.4,2.4,1.5
"Papilio rumiko","ensemble_ssp370_2071",387873,69.5,13.3,9.6,3.9,2.2,1.4
"Papilio rutulus","current",219134,70.9,5.7,5,3.5,4.2,10.7
"Papilio rutulus","ensemble_ssp245_2041",334148,60.9,9.7,9.7,7.3,3.5,8.9
"Papilio rutulus","ensemble_ssp245_2071",566128,65.8,13.8,8.3,4.6,2,5.4
"Papilio rutulus","ensemble_ssp370_2041",334148,60.3,9.7,10.4,7.1,3.5,9
"Papilio rutulus","ensemble_ssp370_2071",566128,63.5,14.1,10.7,4,2.1,5.5
"Papilio troilus","current",163419,50.8,11.6,8.6,8.8,7.3,13
"Papilio troilus","ensemble_ssp245_2041",250140,43,21.9,18.2,11,5.3,0.6
"Papilio troilus","ensemble_ssp245_2071",446607,63.1,15.3,10.7,6.5,3.7,0.6
"Papilio troilus","ensemble_ssp370_2041",250140,40.3,24.3,18.4,11.6,5,0.5
"Papilio troilus","ensemble_ssp370_2071",446607,59.9,18.1,13,5.1,3.1,0.6
"Papilio zelicaon","current",296042,70.5,5.6,4.3,4.6,4.7,10.2
"Papilio zelicaon","ensemble_ssp245_2041",436888,71.7,11,4.8,4.5,3.1,4.8
"Papilio zelicaon","ensemble_ssp245_2071",713186,79.3,9.9,3,2.9,2,2.9
"Papilio zelicaon","ensemble_ssp370_2041",436888,71.1,11.6,4.6,4.7,3.1,4.9
"Papilio zelicaon","ensemble_ssp370_2071",713186,75.6,13.1,3.6,2.9,1.8,3
"Prunus serotina","current",389523,54,5.8,9.9,9.4,7.3,13.5
"Prunus serotina","ensemble_ssp245_2041",521634,81.9,11.9,3.6,1.4,0.8,0.5
"Prunus serotina","ensemble_ssp245_2071",736986,85.4,9.5,3.3,1.1,0.5,0.2
"Prunus serotina","ensemble_ssp370_2041",521634,81.2,12.5,4,1.3,0.6,0.3
"Prunus serotina","ensemble_ssp370_2071",736986,78.4,12.7,5.5,1.9,1.2,0.3
"Amyris elemifera","current",28269,71.5,17.4,4.3,3.5,2.6,0.8
"Amyris elemifera","ensemble_ssp245_2041",40408,44.9,38.4,15,1.4,0.2,0
"Amyris elemifera","ensemble_ssp245_2071",119977,17.9,62.8,10.1,8.2,1,0
"Amyris elemifera","ensemble_ssp370_2041",40408,42.5,39.2,16.8,1.3,0.2,0
"Amyris elemifera","ensemble_ssp370_2071",119977,12.9,65.6,10.3,9,2.3,0
"Ptelea trifoliata","current",449948,61.3,11,6.8,6.8,5,9.1
"Ptelea trifoliata","ensemble_ssp245_2041",574685,71,14.6,9.7,2.5,1.1,1.1
"Ptelea trifoliata","ensemble_ssp245_2071",760143,74.9,13.6,8.2,1.9,0.8,0.5
"Ptelea trifoliata","ensemble_ssp370_2041",574685,69.7,15.8,9.9,2.7,1.1,0.8
"Ptelea trifoliata","ensemble_ssp370_2071",760143,69.7,17,9.7,1.9,1.1,0.5
"Angelica lucida","current",937557,86,3.4,2.5,2.1,1.9,4.1
"Angelica lucida","ensemble_ssp245_2041",1145754,85.6,3.9,3.8,2.9,1.6,2.4
"Angelica lucida","ensemble_ssp245_2071",1381749,85.4,5,3.5,2.8,1.2,2.1
"Angelica lucida","ensemble_ssp370_2041",1145754,85.6,4.4,3.4,2.7,1.5,2.4
"Angelica lucida","ensemble_ssp370_2071",1381749,80.3,7.5,5.4,3.4,1.4,2
"Apium graveolens","current",558096,91.4,2.6,2.2,1.6,1.4,0.8
"Apium graveolens","ensemble_ssp245_2041",634368,95.4,2.1,0.7,0.6,0.9,0.3
"Apium graveolens","ensemble_ssp245_2071",815428,96.9,1.6,0.3,0.4,0.7,0.2
"Apium graveolens","ensemble_ssp370_2041",634368,95.7,2.1,0.5,0.5,0.9,0.3
"Apium graveolens","ensemble_ssp370_2071",815428,96.9,1.5,0.4,0.4,0.8,0.1
"Conioselinum chinense","current",1014404,88.6,3.5,3,1.8,1.6,1.5
"Conioselinum chinense","ensemble_ssp245_2041",1233052,65.5,12.2,9.4,6.1,4.2,2.6
"Conioselinum chinense","ensemble_ssp245_2071",1447045,63.3,14.2,9.5,5.8,4.5,2.7
"Conioselinum chinense","ensemble_ssp370_2041",1233052,61.6,14.3,10,6.6,4.5,3
"Conioselinum chinense","ensemble_ssp370_2071",1447045,51.9,21.2,11.5,7.1,5.1,3.3
"Daucus carota","current",549910,66.7,3.6,3.1,4,4.5,18.1
"Daucus carota","ensemble_ssp245_2041",711064,57.4,8.4,7.9,7.7,9,9.6
"Daucus carota","ensemble_ssp245_2071",947299,60.3,8.9,7.1,6.6,7.9,9.1
"Daucus carota","ensemble_ssp370_2041",711064,54.6,9.1,8.3,7.9,9.2,10.8
"Daucus carota","ensemble_ssp370_2071",947299,44,15.5,11.5,7.3,8.7,13
"Ligusticum scoticum","current",887982,84.2,4.3,2.6,2,1.6,5.3
"Ligusticum scoticum","ensemble_ssp245_2041",1105604,61.4,19.1,9.5,4.3,2,3.7
"Ligusticum scoticum","ensemble_ssp245_2071",1353732,58,18,12.6,5.8,2.2,3.5
"Ligusticum scoticum","ensemble_ssp370_2041",1105604,57.9,19.5,10.5,5.4,2.5,4.3
"Ligusticum scoticum","ensemble_ssp370_2071",1353732,45.5,22.4,16.9,7.4,3.3,4.7
"Pastinaca sativa","current",296594,67.1,5.3,4,5.5,5.8,12.3
"Pastinaca sativa","ensemble_ssp245_2041",474223,45,10.9,10.6,10.2,16.5,6.8
"Pastinaca sativa","ensemble_ssp245_2071",753743,53,12.8,8.4,7.2,11.2,7.4
"Pastinaca sativa","ensemble_ssp370_2041",474223,43.7,10.6,9.2,10.9,17.7,7.9
"Pastinaca sativa","ensemble_ssp370_2071",753743,46.4,11.9,9.6,8.4,12.2,11.5
"Petroselinum crispum","current",868825,56.6,12.2,10.3,9.5,6,5.3
"Petroselinum crispum","ensemble_ssp245_2041",993463,43.1,13.4,15,11.7,9.6,7.1
"Petroselinum crispum","ensemble_ssp245_2071",1210906,46.2,13,14.1,10.7,8.9,7.1
"Petroselinum crispum","ensemble_ssp370_2041",993463,41.9,13.2,14.7,12.2,10.8,7.2
"Petroselinum crispum","ensemble_ssp370_2071",1210906,38.3,15,15.2,11.9,10.3,9.3
"Alnus incana","current",966214,75.3,5.5,3.1,2.4,2.4,11.2
"Alnus incana","ensemble_ssp245_2041",1214873,68.9,11.9,10.4,3.6,3.5,1.7
"Alnus incana","ensemble_ssp245_2071",1424313,68.2,12.4,10.8,3.8,3.2,1.7
"Alnus incana","ensemble_ssp370_2041",1214873,66.8,12.3,11.5,3.8,3.7,1.9
"Alnus incana","ensemble_ssp370_2071",1424313,58.5,16.2,13.9,4.1,4.8,2.5
"Amelanchier canadensis","current",190071,67.7,9.6,9.3,5.9,2.7,4.8
"Amelanchier canadensis","ensemble_ssp245_2041",302614,14.5,19.7,45.5,13.6,5.4,1.3
"Amelanchier canadensis","ensemble_ssp245_2071",488411,17.6,22.8,35.4,14.6,7.2,2.4
"Amelanchier canadensis","ensemble_ssp370_2041",302614,13,18.4,45.9,14.9,6.1,1.8
"Amelanchier canadensis","ensemble_ssp370_2071",488411,10.6,16.9,36.8,17.2,11.8,6.6
"Betula alleghaniensis","current",161401,64.1,5,4,4.7,4.9,17.2
"Betula alleghaniensis","ensemble_ssp245_2041",288496,56.4,32.8,8.4,2.2,0.1,0
"Betula alleghaniensis","ensemble_ssp245_2071",504399,67,26.1,5.6,1.1,0.1,0
"Betula alleghaniensis","ensemble_ssp370_2041",288496,54,34.7,8.8,2.4,0.1,0
"Betula alleghaniensis","ensemble_ssp370_2071",504399,50.2,34.8,12.6,2,0.2,0.1
"Betula lenta","current",48867,64.5,9.4,5.9,4.2,3.8,12.1
"Betula lenta","ensemble_ssp245_2041",125191,42.4,24.5,30,2.7,0.5,0
"Betula lenta","ensemble_ssp245_2071",263668,53,21.2,20.9,3.7,0.7,0.5
"Betula lenta","ensemble_ssp370_2041",125191,44.7,23.3,29,2.7,0.3,0
"Betula lenta","ensemble_ssp370_2071",263668,52.5,24.7,19.1,2.8,0.3,0.6
"Betula papyrifera","current",662607,74.8,3.9,3.2,3,3.2,12
"Betula papyrifera","ensemble_ssp245_2041",919996,65.7,11.4,8.8,6.7,4.3,3
"Betula papyrifera","ensemble_ssp245_2071",1280097,67.2,12.3,8.7,5.3,3.5,3
"Betula papyrifera","ensemble_ssp370_2041",919996,62.2,12.2,10.4,6.8,4.8,3.5
"Betula papyrifera","ensemble_ssp370_2071",1280097,53.7,14.9,13.2,7.4,5.2,5.5
"Fraxinus americana","current",230785,63.5,8.9,5.6,5.6,5.6,10.8
"Fraxinus americana","ensemble_ssp245_2041",345703,22.9,15.9,20.3,14.5,22.2,4.2
"Fraxinus americana","ensemble_ssp245_2071",572633,33.2,19.2,13.9,13.3,16.3,4.2
"Fraxinus americana","ensemble_ssp370_2041",345703,18.5,13.9,19.9,17.3,24.4,6
"Fraxinus americana","ensemble_ssp370_2071",572633,21.9,14.6,11.7,18.4,24.1,9.4
"Fraxinus pennsylvanica","current",580631,61.9,7.3,6.2,7.1,7.5,10.1
"Fraxinus pennsylvanica","ensemble_ssp245_2041",772468,29,16.4,10.3,12.6,18.8,13
"Fraxinus pennsylvanica","ensemble_ssp245_2071",1020734,33.2,17,8.6,10.2,18.5,12.5
"Fraxinus pennsylvanica","ensemble_ssp370_2041",772468,26.7,15.1,10.2,12.5,21.1,14.4
"Fraxinus pennsylvanica","ensemble_ssp370_2071",1020734,23.7,17.5,8.6,9.9,19.6,20.8
"Malus domestica","current",961350,85.6,7.3,2.4,2.1,1.2,1.3
"Malus domestica","ensemble_ssp245_2041",1085238,72.1,11,7.3,5.1,3.2,1.3
"Malus domestica","ensemble_ssp245_2071",1308221,72.6,10.5,7.5,5,3.4,1.1
"Malus domestica","ensemble_ssp370_2041",1085238,70.8,11.3,7.5,5.4,3.6,1.3
"Malus domestica","ensemble_ssp370_2071",1308221,59.5,16.6,11.7,6.5,4.4,1.2
"Populus balsamifera","current",1118048,72.8,6.6,4.7,3.8,4,8.2
"Populus balsamifera","ensemble_ssp245_2041",1296733,60.6,14.2,16.8,4.7,1.9,1.8
"Populus balsamifera","ensemble_ssp245_2071",1471800,59.1,14.2,18.6,4.2,2.1,1.8
"Populus balsamifera","ensemble_ssp370_2041",1296733,58.2,14.1,18.4,5,2.4,2
"Populus balsamifera","ensemble_ssp370_2071",1471800,50.7,13,25.1,6,2.9,2.2
"Populus grandidentata","current",156389,53.2,7.7,7.8,6.7,7,17.5
"Populus grandidentata","ensemble_ssp245_2041",282132,33.7,23.3,22,12,6.5,2.4
"Populus grandidentata","ensemble_ssp245_2071",512909,43.9,18.6,19.8,11.3,4.5,2
"Populus grandidentata","ensemble_ssp370_2041",282132,29.9,24.1,23.8,13,6.6,2.6
"Populus grandidentata","ensemble_ssp370_2071",512909,33.5,16.6,21.2,15.4,8.1,5.1
"Populus tremuloides","current",951131,70.5,4.3,3.7,4.5,4,13
"Populus tremuloides","ensemble_ssp245_2041",1203216,66.9,11.2,12.2,4.1,2.7,3
"Populus tremuloides","ensemble_ssp245_2071",1406075,67,9.9,12.7,4.3,2.9,3.1
"Populus tremuloides","ensemble_ssp370_2041",1203216,64.5,10.8,13.3,5.2,3,3.3
"Populus tremuloides","ensemble_ssp370_2071",1406075,58.7,10.9,17,4.7,4.1,4.6
"Prunus cerasus","current",691809,68.8,7.2,4.7,4.5,6.7,8
"Prunus cerasus","ensemble_ssp245_2041",870657,21.4,15.3,11.4,11.5,17,23.3
"Prunus cerasus","ensemble_ssp245_2071",1057802,20.5,16.5,11.3,10.7,17.9,23.1
"Prunus cerasus","ensemble_ssp370_2041",870657,17.9,15,11.7,11.5,18.7,25.1
"Prunus cerasus","ensemble_ssp370_2071",1057802,10.5,13.3,9.8,11.5,23.9,31
"Prunus pensylvanica","current",601596,75.9,4.5,3.1,2.7,2.8,11
"Prunus pensylvanica","ensemble_ssp245_2041",800929,75,10.7,7.7,4.7,1.7,0.3
"Prunus pensylvanica","ensemble_ssp245_2071",1077377,75.3,10.8,7.3,4.3,2,0.3
"Prunus pensylvanica","ensemble_ssp370_2041",800929,74.7,10.6,7.4,5.2,1.8,0.2
"Prunus pensylvanica","ensemble_ssp370_2071",1077377,72.4,11,8.4,5.3,2.5,0.5
"Prunus persica","current",575971,63,6.3,3.3,6,5.4,16.1
"Prunus persica","ensemble_ssp245_2041",681980,46.3,12.7,13,10.7,8.3,8.9
"Prunus persica","ensemble_ssp245_2071",882229,54,10,11.6,9.2,7.8,7.4
"Prunus persica","ensemble_ssp370_2041",681980,44.5,12.7,13.2,11.4,9.2,8.9
"Prunus persica","ensemble_ssp370_2071",882229,46.4,12.3,12.3,10.2,10.2,8.5
"Prunus virginiana","current",440495,54.5,10.3,7.5,7.5,6.5,13.6
"Prunus virginiana","ensemble_ssp245_2041",622850,54.2,23.6,9.5,5,2.6,5.1
"Prunus virginiana","ensemble_ssp245_2071",880568,56.7,23.3,9.5,4.5,2.3,3.7
"Prunus virginiana","ensemble_ssp370_2041",622850,53.2,24,10,5.2,2.6,5
"Prunus virginiana","ensemble_ssp370_2071",880568,52,25.6,11.1,5.4,2.5,3.3
"Sorbus americana","current",232877,64.4,6.7,5.4,5.9,5,12.5
"Sorbus americana","ensemble_ssp245_2041",361455,28.4,59.9,7.3,3.9,0.4,0.1
"Sorbus americana","ensemble_ssp245_2071",549905,26.2,61.6,8.7,2.5,0.7,0.2
"Sorbus americana","ensemble_ssp370_2041",361455,26.1,60.7,8.7,3.5,0.8,0.2
"Sorbus americana","ensemble_ssp370_2071",549905,29.1,56,11.2,2.1,1.3,0.2
"Syringa vulgaris","current",620642,72.4,3.4,3.4,4.5,3.7,12.6
"Syringa vulgaris","ensemble_ssp245_2041",821448,44.5,12.4,9.2,6.8,9.8,17.1
"Syringa vulgaris","ensemble_ssp245_2071",1033763,47.9,11.8,7.3,5.4,8.8,18.8
"Syringa vulgaris","ensemble_ssp370_2041",821448,40.9,12.9,9.3,6.4,10.3,20.2
"Syringa vulgaris","ensemble_ssp370_2071",1033763,36,11.7,8,5.8,9.6,28.8
"Tilia americana","current",389892,70.8,5.2,4,4.4,4.7,11
"Tilia americana","ensemble_ssp245_2041",541754,53.8,20.6,10.2,5.7,5.2,4.6
"Tilia americana","ensemble_ssp245_2071",788942,60.7,16.1,9.3,4.8,4.8,4.2
"Tilia americana","ensemble_ssp370_2041",541754,51.4,20.9,10.4,6.1,6.3,5
"Tilia americana","ensemble_ssp370_2071",788942,51.8,17.3,11.5,4.7,7.2,7.5
"Ruta graveolens","current",727416,64,7.6,6.9,6.8,8.4,6.3
"Ruta graveolens","ensemble_ssp245_2041",827399,51.6,13.3,7.9,5.9,9.6,11.7
"Ruta graveolens","ensemble_ssp245_2071",1018642,52.4,13.7,8.8,5.8,8.5,10.8
"Ruta graveolens","ensemble_ssp370_2041",827399,49.9,13.2,8.6,6.5,9.9,11.9
"Ruta graveolens","ensemble_ssp370_2071",1018642,36.1,18.4,14.6,8.9,8.7,13.3
"Zanthoxylum americanum","current",149494,73.8,5.7,2.8,3.1,4.2,10.4
"Zanthoxylum americanum","ensemble_ssp245_2041",285788,61.7,11,9,6.4,8.6,3.4
"Zanthoxylum americanum","ensemble_ssp245_2071",533654,67.2,10.5,10.7,3.9,5.8,1.9
"Zanthoxylum americanum","ensemble_ssp370_2041",285788,58.6,12.4,10.8,6,9.5,2.6
"Zanthoxylum americanum","ensemble_ssp370_2071",533654,58.6,6.7,12.4,9,7,6.4
"Zanthoxylum clava-herculis","current",99409,67.7,6.7,3.1,3.7,4.4,14.4
"Zanthoxylum clava-herculis","ensemble_ssp245_2041",179015,56.7,20.3,19.4,2.9,0.7,0
"Zanthoxylum clava-herculis","ensemble_ssp245_2071",359185,72.3,13.1,12.6,1.6,0.4,0
"Zanthoxylum clava-herculis","ensemble_ssp370_2041",179015,54.2,19.8,22.1,3.1,0.8,0.1
"Zanthoxylum clava-herculis","ensemble_ssp370_2071",359185,64.3,13.7,19.3,2.2,0.5,0
"Alnus rubra","current",62474,71.2,5.4,3.5,3.6,3.1,13.2
"Alnus rubra","ensemble_ssp245_2041",158983,60.2,15.7,8.2,4.1,3.6,8.2
"Alnus rubra","ensemble_ssp245_2071",393474,71.3,14.6,6.2,2.5,1.9,3.6
"Alnus rubra","ensemble_ssp370_2041",158983,60.1,15.6,8.5,4.5,3.1,8.2
"Alnus rubra","ensemble_ssp370_2071",393474,63.9,19.3,7.9,2.6,1.9,4.3
"Eriodictyon californicum","current",15536,58.1,8.6,5.6,4.6,5.1,18
"Eriodictyon californicum","ensemble_ssp245_2041",50467,24,45.3,19.5,7.8,3.4,0
"Eriodictyon californicum","ensemble_ssp245_2071",143915,16.4,41.3,28.6,10.3,3.3,0
"Eriodictyon californicum","ensemble_ssp370_2041",50467,21.6,44.5,19.3,9.4,5.1,0
"Eriodictyon californicum","ensemble_ssp370_2071",143915,11.9,37.1,28.7,15.8,6.5,0
"Holodiscus discolor","current",205260,75.1,3.8,4.2,2.5,2.8,11.7
"Holodiscus discolor","ensemble_ssp245_2041",319263,73.2,11.8,5.2,3.6,2,4.2
"Holodiscus discolor","ensemble_ssp245_2071",549287,76.8,14.2,3.8,2.2,0.9,2.1
"Holodiscus discolor","ensemble_ssp370_2041",319263,73.8,11.5,5.5,3.6,1.8,3.9
"Holodiscus discolor","ensemble_ssp370_2071",549287,74.2,16.4,4.6,2.1,0.7,1.9
"Prunus emarginata","current",109680,69.5,10.1,4.3,3.3,4.4,8.4
"Prunus emarginata","ensemble_ssp245_2041",194973,65.6,25.7,5.2,1.4,0.7,1.4
"Prunus emarginata","ensemble_ssp245_2071",383522,80.2,15.2,3.2,0.7,0.3,0.5
"Prunus emarginata","ensemble_ssp370_2041",194973,64.8,26.4,5.6,1.4,0.6,1.2
"Prunus emarginata","ensemble_ssp370_2071",383522,80.7,14.9,3.2,0.6,0.2,0.4
"Frangula californica","current",71261,80.2,6,2.6,2.5,3.8,5
"Frangula californica","ensemble_ssp245_2041",136482,81,13,4.5,1.1,0.3,0
"Frangula californica","ensemble_ssp245_2071",273231,68.4,23.2,7.3,1,0.1,0
"Frangula californica","ensemble_ssp370_2041",136482,82.2,12.3,4.1,1.1,0.2,0
"Frangula californica","ensemble_ssp370_2071",273231,68,22.9,7.7,1.2,0.1,0
"Carpinus caroliniana","current",222133,55.4,11.6,8.2,6.5,8.7,9.6
"Carpinus caroliniana","ensemble_ssp245_2041",334565,60.8,30.9,7.4,0.8,0,0
"Carpinus caroliniana","ensemble_ssp245_2071",562289,58.5,33.9,6.5,0.9,0.2,0
"Carpinus caroliniana","ensemble_ssp370_2041",334565,57.2,32.5,9.4,0.8,0.1,0
"Carpinus caroliniana","ensemble_ssp370_2071",562289,50.9,35.2,12.1,1.4,0.4,0
"Catalpa bignonioides","current",591503,69.7,5,3,3.1,5.5,13.6
"Catalpa bignonioides","ensemble_ssp245_2041",728448,55.3,13,10.7,8.2,7.1,5.7
"Catalpa bignonioides","ensemble_ssp245_2071",958921,57,15.5,9.2,6.7,6.6,5.1
"Catalpa bignonioides","ensemble_ssp370_2041",728448,52.7,13.9,11.6,8,7.6,6.3
"Catalpa bignonioides","ensemble_ssp370_2071",958921,47.1,19.1,12,8,7.8,5.9
"Cinnamomum camphora","current",179022,88.6,2.2,1.1,0.8,1.1,6.3
"Cinnamomum camphora","ensemble_ssp245_2041",295562,79.7,5.2,5.6,2.7,2.3,4.5
"Cinnamomum camphora","ensemble_ssp245_2071",473304,80.6,6.6,5.3,2.9,1.9,2.7
"Cinnamomum camphora","ensemble_ssp370_2041",295562,79.2,5.3,5.8,2.8,2.5,4.4
"Cinnamomum camphora","ensemble_ssp370_2071",473304,78.2,8,6.7,2.9,2,2.2
"Cydonia oblonga","current",670274,82,5.7,3.5,2,2.6,4.1
"Cydonia oblonga","ensemble_ssp245_2041",799521,65.3,8.4,10.2,4.8,4.5,6.8
"Cydonia oblonga","ensemble_ssp245_2071",998500,63.3,10.6,10.5,4.8,4.3,6.5
"Cydonia oblonga","ensemble_ssp370_2041",799521,62.9,9.1,10.6,5,4.7,7.7
"Cydonia oblonga","ensemble_ssp370_2071",998500,46.5,18.8,12.4,6.1,7.7,8.4
"Fraxinus caroliniana","current",74968,73.8,6.6,3,4.5,3.9,8.3
"Fraxinus caroliniana","ensemble_ssp245_2041",134609,45.2,35.6,10.7,5.8,0.6,2.1
"Fraxinus caroliniana","ensemble_ssp245_2071",281581,51.9,37.3,6.9,2.7,0.4,0.8
"Fraxinus caroliniana","ensemble_ssp370_2041",134609,44.7,35.4,11.5,5.9,0.6,2.1
"Fraxinus caroliniana","ensemble_ssp370_2071",281581,50.2,42.2,5.5,1.4,0.6,0.1
"Fraxinus nigra","current",181999,60.4,11.8,6.9,5.4,4.8,10.7
"Fraxinus nigra","ensemble_ssp245_2041",326326,46.2,14.9,13.7,12.3,10,2.9
"Fraxinus nigra","ensemble_ssp245_2071",559314,53.9,13.4,9.6,10.4,8.7,3.9
"Fraxinus nigra","ensemble_ssp370_2041",326326,45.3,13.9,13.7,12.9,9.8,4.4
"Fraxinus nigra","ensemble_ssp370_2071",559314,47.3,15.2,7.8,9.3,15.9,4.5
"Lindera benzoin","current",147863,55.6,5.6,6.6,5.7,6.8,19.7
"Lindera benzoin","ensemble_ssp245_2041",256400,57.9,17.7,8.9,5.9,5.7,4
"Lindera benzoin","ensemble_ssp245_2071",460083,64.3,18.7,6.5,4.6,3.5,2.4
"Lindera benzoin","ensemble_ssp370_2041",256400,56.1,19.3,8.8,5.9,5.4,4.4
"Lindera benzoin","ensemble_ssp370_2071",460083,60.8,22.4,7.8,4.7,2.5,1.8
"Liriodendron tulipifera","current",150336,56.3,6.5,5.9,7.3,8.1,15.9
"Liriodendron tulipifera","ensemble_ssp245_2041",234777,24.7,19.2,26.1,15.8,11.2,2.9
"Liriodendron tulipifera","ensemble_ssp245_2071",412404,48.3,15,16.7,10.7,7.7,1.5
"Liriodendron tulipifera","ensemble_ssp370_2041",234777,20.8,20,26.9,16.6,12.8,2.9
"Liriodendron tulipifera","ensemble_ssp370_2071",412404,31.7,22.7,21.4,15.4,7.7,1.2
"Magnolia acuminata","current",126885,71.9,7.2,4.3,3.9,4.3,8.4
"Magnolia acuminata","ensemble_ssp245_2041",209368,15.2,17.2,19.4,18,22.8,7.4
"Magnolia acuminata","ensemble_ssp245_2071",379979,43.9,12,14.5,13.9,11,4.8
"Magnolia acuminata","ensemble_ssp370_2041",209368,12.9,18.2,21,21.4,19.3,7.2
"Magnolia acuminata","ensemble_ssp370_2071",379979,38.4,18.4,18.2,13.6,7.9,3.4
"Magnolia virginiana","current",113013,63.6,8.1,5.5,6.4,4.9,11.5
"Magnolia virginiana","ensemble_ssp245_2041",183222,2.3,12.5,23.5,37.4,17.4,6.8
"Magnolia virginiana","ensemble_ssp245_2071",355960,21.9,17.7,18.5,24.5,12,5.3
"Magnolia virginiana","ensemble_ssp370_2041",183222,1.4,9.8,22.8,39.5,18.8,7.7
"Magnolia virginiana","ensemble_ssp370_2071",355960,15.7,15,17.3,29.9,16,6.1
"Populus deltoides","current",501821,66.3,8.5,7.1,6.5,3.7,7.9
"Populus deltoides","ensemble_ssp245_2041",685484,26.6,17.7,13.8,15.4,18.7,7.8
"Populus deltoides","ensemble_ssp245_2071",966854,24.2,23.5,16.9,13.1,15.2,7.1
"Populus deltoides","ensemble_ssp370_2041",685484,22.3,18.2,14.2,16.3,20.4,8.6
"Populus deltoides","ensemble_ssp370_2071",966854,12.6,21.8,16.3,15.9,20.9,12.5
"Prunus americana","current",376725,55.8,11.5,12.2,7.7,7,5.8
"Prunus americana","ensemble_ssp245_2041",536739,28.8,28.8,13.2,12.4,10.5,6.3
"Prunus americana","ensemble_ssp245_2071",801267,34.9,25.7,13.6,11.5,8.7,5.6
"Prunus americana","ensemble_ssp370_2041",536739,27.7,29.6,13.4,11.8,11.2,6.4
"Prunus americana","ensemble_ssp370_2071",801267,29.5,25.2,12.7,12.7,11,8.8
"Prunus domestica","current",826551,79.2,6.2,3.6,3.2,3.6,4.2
"Prunus domestica","ensemble_ssp245_2041",936813,49.9,15.8,10,8.1,9.1,7.1
"Prunus domestica","ensemble_ssp245_2071",1089196,49.4,14.8,10.7,8.4,9.1,7.6
"Prunus domestica","ensemble_ssp370_2041",936813,46.4,17,10.5,8.6,9.7,7.8
"Prunus domestica","ensemble_ssp370_2071",1089196,38.2,13,12.6,10.6,13.7,11.8
"Sassafras albidum","current",153557,47.2,11.1,9.2,10,7.4,15.2
"Sassafras albidum","ensemble_ssp245_2041",241813,42.6,31.2,22.3,3,0.8,0
"Sassafras albidum","ensemble_ssp245_2071",433927,64.6,20,12.9,2.2,0.3,0
"Sassafras albidum","ensemble_ssp370_2041",241813,40.7,31.9,24.1,2.8,0.5,0
"Sassafras albidum","ensemble_ssp370_2071",433927,62.8,21.2,14,1.8,0.2,0
"Cymopterus purpureus","current",23090,47.7,16.5,13.9,11.7,7.3,3
"Cymopterus purpureus","ensemble_ssp245_2041",94352,13.9,29.9,26,23.1,7,0
"Cymopterus purpureus","ensemble_ssp245_2071",267490,21.8,40.1,19,15.4,3.8,0
"Cymopterus purpureus","ensemble_ssp370_2041",94352,12.6,31.4,26.8,22.1,7.1,0
"Cymopterus purpureus","ensemble_ssp370_2071",267490,19.3,42.5,17.8,16.5,3.8,0
"Harbouria trachypleura","current",26562,81.2,8.8,3.7,2,1.6,2.6
"Harbouria trachypleura","ensemble_ssp245_2041",104789,6.8,34.7,49.6,6,2.3,0.6
"Harbouria trachypleura","ensemble_ssp245_2071",314444,6.9,34.3,38.4,19.4,0.9,0.2
"Harbouria trachypleura","ensemble_ssp370_2041",104789,6.9,36.3,49.9,4.5,2.1,0.4
"Harbouria trachypleura","ensemble_ssp370_2071",314444,5.4,37.7,39.7,16.7,0.5,0
"Lomatium dissectum","current",178591,70.2,11,6.4,4.9,3.4,4.1
"Lomatium dissectum","ensemble_ssp245_2041",287701,28.9,45.8,16.7,2.7,2.3,3.5
"Lomatium dissectum","ensemble_ssp245_2071",507862,20.2,45.5,28.9,1.8,1.6,2.1
"Lomatium dissectum","ensemble_ssp370_2041",287701,25,47.8,18.3,2.7,2.3,4.1
"Lomatium dissectum","ensemble_ssp370_2071",507862,13.5,45.6,34.8,1.6,1.9,2.6
"Lomatium grayi","current",87134,39.9,14.7,19.2,9.9,8.9,7.3
"Lomatium grayi","ensemble_ssp245_2041",199500,22.4,26.3,19.8,18.6,11.2,1.7
"Lomatium grayi","ensemble_ssp245_2071",402019,16.6,27.8,17.5,29.8,7.5,0.8
"Lomatium grayi","ensemble_ssp370_2041",199500,20.8,26.3,18,20.4,12.5,2.1
"Lomatium grayi","ensemble_ssp370_2071",402019,14.3,27.8,18.8,28.9,9.1,1
"Lomatium lucidum","current",5707,62.7,13.4,6.3,6.4,3.5,7.6
"Lomatium lucidum","ensemble_ssp245_2041",32317,50.9,28.7,13.4,4.8,1.2,1
"Lomatium lucidum","ensemble_ssp245_2071",115612,18.7,24.6,38.6,11.8,4.5,1.9
"Lomatium lucidum","ensemble_ssp370_2041",32317,53.2,26.8,13.1,4.3,1.4,1.2
"Lomatium lucidum","ensemble_ssp370_2071",115612,19.6,26.8,35.5,11.5,4.8,1.8
"Lomatium marginatum","current",6172,60.4,8.5,5.2,9.4,9,7.4
"Lomatium marginatum","ensemble_ssp245_2041",36243,24.4,59.8,15.7,0.1,0,0
"Lomatium marginatum","ensemble_ssp245_2071",114402,11.1,74.2,14.6,0,0,0
"Lomatium marginatum","ensemble_ssp370_2041",36243,23.4,63.8,12.7,0.1,0,0
"Lomatium marginatum","ensemble_ssp370_2071",114402,9.6,71.1,19.2,0.1,0,0
"Lomatium parryi","current",39806,83.3,7.4,3.1,2,1.6,2.6
"Lomatium parryi","ensemble_ssp245_2041",114963,29.1,24.9,30.2,12.8,2.7,0.3
"Lomatium parryi","ensemble_ssp245_2071",265625,22,21.8,33.2,17.6,4.8,0.7
"Lomatium parryi","ensemble_ssp370_2041",114963,27.5,23.5,31.3,15.4,2.2,0.2
"Lomatium parryi","ensemble_ssp370_2071",265625,20,18.1,30.9,20.5,9.9,0.6
"Lomatium triternatum","current",143137,61.7,7.9,11,5.7,6,7.7
"Lomatium triternatum","ensemble_ssp245_2041",257209,58.9,20.7,6.4,3.6,5,5.4
"Lomatium triternatum","ensemble_ssp245_2071",480128,60,27.9,4.6,2,3,2.5
"Lomatium triternatum","ensemble_ssp370_2041",257209,55.2,24,6.6,3.8,5.2,5.2
"Lomatium triternatum","ensemble_ssp370_2071",480128,52.3,34.5,5.5,2.1,3.1,2.4
"Pteryxia petraea","current",93085,67.7,11,6.5,6.5,6,2.3
"Pteryxia petraea","ensemble_ssp245_2041",185893,58.6,29.7,11.5,0.1,0,0
"Pteryxia petraea","ensemble_ssp245_2071",360664,53.3,25.2,21.5,0,0,0
"Pteryxia petraea","ensemble_ssp370_2041",185893,56.8,30.1,13,0.1,0,0
"Pteryxia petraea","ensemble_ssp370_2071",360664,45.5,27.6,26.9,0,0,0
"Pteryxia terebinthina","current",111105,68.1,12.2,6.9,5.4,4.6,2.9
"Pteryxia terebinthina","ensemble_ssp245_2041",195623,29.6,17.9,27.1,17.7,6.3,1.4
"Pteryxia terebinthina","ensemble_ssp245_2071",379959,30.8,17.2,39.5,9.6,2.5,0.4
"Pteryxia terebinthina","ensemble_ssp370_2041",195623,29,17.7,26.7,18,7.1,1.6
"Pteryxia terebinthina","ensemble_ssp370_2071",379959,31.3,15.3,42.8,8.2,2.1,0.3
"Tauschia arguta","current",4055,56.9,7.8,5.5,5.3,5,19.5
"Tauschia arguta","ensemble_ssp245_2041",28742,41.5,43.1,12.1,3.2,0.1,0
"Tauschia arguta","ensemble_ssp245_2071",108362,31.4,46,13.7,8.8,0.1,0
"Tauschia arguta","ensemble_ssp370_2041",28742,42.7,42.6,11.1,3.4,0.2,0
"Tauschia arguta","ensemble_ssp370_2071",108362,29.8,46.4,14.3,9.2,0.3,0
"Tauschia parishii","current",5267,65.1,11.1,2.9,2.7,8.7,9.6
"Tauschia parishii","ensemble_ssp245_2041",33167,20.7,39.7,35.6,2.9,0.9,0.2
"Tauschia parishii","ensemble_ssp245_2071",117032,6.4,34.3,51.3,7.6,0.4,0
"Tauschia parishii","ensemble_ssp370_2041",33167,19.9,43.6,33.7,1.9,0.7,0.2
"Tauschia parishii","ensemble_ssp370_2071",117032,6.1,29.2,56.2,8.1,0.4,0
"Thamnosma montana","current",25656,71.1,6.3,3.9,3,4.9,10.8
"Thamnosma montana","ensemble_ssp245_2041",78825,70.2,13.9,7.6,3.3,3.2,1.8
"Thamnosma montana","ensemble_ssp245_2071",199580,74.2,14.6,6.8,1.8,1.9,0.8
"Thamnosma montana","ensemble_ssp370_2041",78825,69.6,14.2,7.9,3.3,3.2,1.7
"Thamnosma montana","ensemble_ssp370_2071",199580,66.8,19,10.4,1.4,1.9,0.5
"Aegopodium podagraria","current",548970,74.5,2.6,3.5,3.6,4,11.9
"Aegopodium podagraria","ensemble_ssp245_2041",753860,42,26.4,10.1,9.3,6.9,5.2
"Aegopodium podagraria","ensemble_ssp245_2071",1001091,43.6,23.7,11.5,9.6,6.8,4.9
"Aegopodium podagraria","ensemble_ssp370_2041",753860,38.1,25.5,12.4,10.2,8.1,5.8
"Aegopodium podagraria","ensemble_ssp370_2071",1001091,32.3,22.6,13.2,12.7,9.6,9.7
"Anethum graveolens","current",894088,65.3,6.1,4.3,9.6,7.1,7.7
"Anethum graveolens","ensemble_ssp245_2041",989102,39.9,14.9,13.5,12.4,11,8.3
"Anethum graveolens","ensemble_ssp245_2071",1180165,30.5,13.5,20.9,15.8,10.7,8.5
"Anethum graveolens","ensemble_ssp370_2041",989102,35,14.3,16.1,14,11.5,9.1
"Anethum graveolens","ensemble_ssp370_2071",1180165,21.4,9.4,19.6,21,14.9,13.7
"Angelica sylvestris","current",44666,82.5,6,4.6,1.9,1.6,3.5
"Angelica sylvestris","ensemble_ssp245_2041",114555,67.7,14.1,15.4,2.8,0,0
"Angelica sylvestris","ensemble_ssp245_2071",270645,53.4,27.4,18.4,0.8,0,0
"Angelica sylvestris","ensemble_ssp370_2041",114555,60.2,17.4,19.5,2.8,0,0
"Angelica sylvestris","ensemble_ssp370_2071",270645,39,34.9,25.3,0.8,0,0
"Artemisia dracunculus","current",784980,68.3,9,8.9,4.2,3.2,6.4
"Artemisia dracunculus","ensemble_ssp245_2041",1006414,70.7,13.6,5.5,3.5,3.2,3.6
"Artemisia dracunculus","ensemble_ssp245_2071",1293354,68,15.9,7.7,3.6,2.4,2.5
"Artemisia dracunculus","ensemble_ssp370_2041",1006414,69,14.7,6.2,3.7,3.2,3.3
"Artemisia dracunculus","ensemble_ssp370_2071",1293354,56.2,21.7,12,5.2,2.9,2
"Artemisia norvegica","current",558064,70.4,8.5,5.4,4.2,4.4,7.1
"Artemisia norvegica","ensemble_ssp245_2041",704341,73.1,14.7,4.3,3.5,2.6,1.9
"Artemisia norvegica","ensemble_ssp245_2071",967039,71.7,19.9,4.5,2.4,0.9,0.6
"Artemisia norvegica","ensemble_ssp370_2041",704341,74.6,15,3.9,3.3,1.8,1.4
"Artemisia norvegica","ensemble_ssp370_2071",967039,78.9,17.4,2,1.1,0.5,0.1
"Carum carvi","current",810239,71.2,8.6,5.7,4.9,6.3,3.3
"Carum carvi","ensemble_ssp245_2041",1011455,73.1,15.9,5.5,3.2,1.9,0.3
"Carum carvi","ensemble_ssp245_2071",1282729,73,16.6,5.5,2.9,1.6,0.4
"Carum carvi","ensemble_ssp370_2041",1011455,71.7,16.9,5.7,3.3,2.1,0.4
"Carum carvi","ensemble_ssp370_2071",1282729,69,16.4,8.1,4.2,2,0.4
"Pimpinella saxifraga","current",457037,65.8,9.1,7.1,5.5,9.5,2.9
"Pimpinella saxifraga","ensemble_ssp245_2041",669188,56.5,16.1,13.2,6.2,7.1,0.8
"Pimpinella saxifraga","ensemble_ssp245_2071",950680,53,16.7,15.1,8.5,6.2,0.5
"Pimpinella saxifraga","ensemble_ssp370_2041",669188,54.3,16.6,13.8,6.5,7.9,0.8
"Pimpinella saxifraga","ensemble_ssp370_2071",950680,43.2,17.5,18.6,12.3,7.9,0.5
"Ruta chalepensis","current",488261,80.6,6.3,4.3,2.7,1.9,4.2
"Ruta chalepensis","ensemble_ssp245_2041",572119,41.2,31.6,19.9,2.3,2,3.1
"Ruta chalepensis","ensemble_ssp245_2071",744690,35.1,34.4,24.4,2.1,1.7,2.2
"Ruta chalepensis","ensemble_ssp370_2041",572119,40.1,31.9,20.7,2.3,2,3
"Ruta chalepensis","ensemble_ssp370_2071",744690,33,32.8,29.1,2.2,1.3,1.7
"Zizia aptera","current",468321,63.5,10.2,6.1,5.3,5.2,9.8
"Zizia aptera","ensemble_ssp245_2041",695443,49.8,24.5,17.8,6.5,1.3,0.1
"Zizia aptera","ensemble_ssp245_2071",999786,48.6,25.9,19.4,4.5,1.3,0.2
"Zizia aptera","ensemble_ssp370_2041",695443,47.6,25.7,19.7,5.6,1.3,0.2
"Zizia aptera","ensemble_ssp370_2071",999786,45,26.9,23.5,2.9,1.3,0.3
"Fraxinus anomala","current",35948,58.5,9.9,4.7,5.4,6.2,15.4
"Fraxinus anomala","ensemble_ssp245_2041",111345,7.1,28.6,17.4,17.4,18.3,11.1
"Fraxinus anomala","ensemble_ssp245_2071",266924,3.5,19.4,14.2,15.8,25.7,21.4
"Fraxinus anomala","ensemble_ssp370_2041",111345,7.4,27,17.2,16.6,20.3,11.6
"Fraxinus anomala","ensemble_ssp370_2071",266924,3.6,20.6,12.7,12.7,25.6,24.8
"Fraxinus latifolia","current",35107,67.1,6.9,4.2,5.2,6.3,10.4
"Fraxinus latifolia","ensemble_ssp245_2041",92918,52,14.4,8.8,5,7,12.8
"Fraxinus latifolia","ensemble_ssp245_2071",234181,67.9,13,5.9,3.8,4,5.4
"Fraxinus latifolia","ensemble_ssp370_2041",92918,49,16.1,9.6,4.9,7.7,12.7
"Fraxinus latifolia","ensemble_ssp370_2071",234181,61.1,15.2,7.4,5.4,5.2,5.7
"Ligustrum lucidum","current",426281,79.6,4.4,2,2.5,3.3,8.2
"Ligustrum lucidum","ensemble_ssp245_2041",521658,50.4,19.3,7.5,12.1,7.9,2.8
"Ligustrum lucidum","ensemble_ssp245_2071",687394,52.8,21.7,5,11.4,6.9,2.2
"Ligustrum lucidum","ensemble_ssp370_2041",521658,48.9,19.6,7.8,13.4,7.6,2.7
"Ligustrum lucidum","ensemble_ssp370_2071",687394,45.4,25.7,5.3,15.1,6.7,1.9
"Ligustrum vulgare","current",509657,78.5,4.3,3.9,3.1,3.4,6.8
"Ligustrum vulgare","ensemble_ssp245_2041",695995,45.8,15.1,8.7,6.8,8.9,14.8
"Ligustrum vulgare","ensemble_ssp245_2071",938866,52.6,15.1,6.8,5.3,7.2,13
"Ligustrum vulgare","ensemble_ssp370_2041",695995,43.3,16.2,8.8,6.9,8.5,16.2
"Ligustrum vulgare","ensemble_ssp370_2071",938866,40.5,18.1,9,7.9,9.2,15.3
"Platanus racemosa","current",14319,65.1,6.6,3.4,3,4.3,17.5
"Platanus racemosa","ensemble_ssp245_2041",52615,35.4,34,26.8,3.8,0.1,0
"Platanus racemosa","ensemble_ssp245_2071",146875,48.3,34.7,14.3,2.5,0.2,0
"Platanus racemosa","ensemble_ssp370_2041",52615,38.4,31.2,26.6,3.7,0.1,0
"Platanus racemosa","ensemble_ssp370_2071",146875,51.1,32.3,13.5,2.8,0.2,0
"Platanus wrightii","current",21311,67.4,10.1,5,4.4,3.8,9.2
"Platanus wrightii","ensemble_ssp245_2041",81295,8.3,31.9,27.4,22.1,7.8,2.5
"Platanus wrightii","ensemble_ssp245_2071",206619,3.6,18.8,27.3,25.1,14.2,11
"Platanus wrightii","ensemble_ssp370_2041",81295,8,32.7,26.4,22.5,8.1,2.3
"Platanus wrightii","ensemble_ssp370_2071",206619,4.7,18.2,25.3,24.4,15.3,12.1
"Ptelea crenulata","current",29755,86.1,1.7,2.1,2.9,4.2,3
"Ptelea crenulata","ensemble_ssp245_2041",72157,91.7,5.2,1.5,0.8,0.4,0.3
"Ptelea crenulata","ensemble_ssp245_2071",182521,93.5,3.9,1.5,0.7,0.3,0.1
"Ptelea crenulata","ensemble_ssp370_2041",72157,91,5.7,1.6,0.8,0.5,0.4
"Ptelea crenulata","ensemble_ssp370_2071",182521,88.7,7.2,2.1,1.2,0.7,0.2
"Vauquelinia californica","current",96901,85.1,8.3,2.2,1.1,1,2.3
"Vauquelinia californica","ensemble_ssp245_2041",177786,54.1,33.3,8.2,2,1.5,0.9
"Vauquelinia californica","ensemble_ssp245_2071",317231,37.7,44,15.8,1.2,0.8,0.5
"Vauquelinia californica","ensemble_ssp370_2041",177786,53,34.5,8.3,2,1.3,0.8
"Vauquelinia californica","ensemble_ssp370_2071",317231,35,43.5,18.9,1.4,0.7,0.5
"Persea borbonia","current",63020,72.4,3.8,9,4.1,3.9,6.8
"Persea borbonia","ensemble_ssp245_2041",129132,70.4,22.7,4,1.2,1.7,0
"Persea borbonia","ensemble_ssp245_2071",296021,74.2,20,4,1.1,0.7,0
"Persea borbonia","ensemble_ssp370_2041",129132,69.5,23.3,4.2,1.5,1.5,0
"Persea borbonia","ensemble_ssp370_2071",296021,77,16.7,5.2,0.8,0.3,0
"Angelica atropurpurea","current",535087,85,2.7,1.6,1.6,2.6,6.3
"Angelica atropurpurea","ensemble_ssp245_2041",691027,87.6,7.6,3.1,1.4,0.3,0
"Angelica atropurpurea","ensemble_ssp245_2071",917293,88,8,2.8,1.1,0.2,0
"Angelica atropurpurea","ensemble_ssp370_2041",691027,87,8.4,3.2,1.1,0.2,0
"Angelica atropurpurea","ensemble_ssp370_2071",917293,80.2,11.8,5,2.2,0.6,0.1
"Angelica venenosa","current",191951,65.5,4.8,6.5,5.6,8.6,9.1
"Angelica venenosa","ensemble_ssp245_2041",286984,72.9,18.4,7.3,1,0.3,0.2
"Angelica venenosa","ensemble_ssp245_2071",494142,76.3,13.9,6.3,1.9,1.2,0.3
"Angelica venenosa","ensemble_ssp370_2041",286984,75,17.6,6.3,0.6,0.2,0.2
"Angelica venenosa","ensemble_ssp370_2071",494142,79,14.6,4.1,1.3,0.8,0.3
"Berula erecta","current",533318,47.1,11,17.8,8.3,5.9,9.8
"Berula erecta","ensemble_ssp245_2041",656317,47.9,18.7,11.7,12.4,4.7,4.7
"Berula erecta","ensemble_ssp245_2071",859037,54.9,18.6,9.2,10.8,3.7,2.8
"Berula erecta","ensemble_ssp370_2041",656317,47.1,19.5,11,13.6,4.7,4.2
"Berula erecta","ensemble_ssp370_2071",859037,47.8,22.6,10.2,12.6,4.5,2.2
"Cicuta bulbifera","current",674524,75.9,4.7,2.8,2.7,2.5,11.3
"Cicuta bulbifera","ensemble_ssp245_2041",957892,55.1,24.7,11.2,5.8,2.1,1
"Cicuta bulbifera","ensemble_ssp245_2071",1296630,43.8,33.5,12.3,6.8,2.9,0.8
"Cicuta bulbifera","ensemble_ssp370_2041",957892,49.9,26.2,13.2,7.1,2.8,0.9
"Cicuta bulbifera","ensemble_ssp370_2071",1296630,29.8,34,16.2,13,5.3,1.6
"Cicuta douglasii","current",472121,62.8,6.7,5.9,8.8,6.7,9.2
"Cicuta douglasii","ensemble_ssp245_2041",658253,59.9,16.3,5.8,3.4,4.9,9.6
"Cicuta douglasii","ensemble_ssp245_2071",995573,59.7,21.4,5.6,2.9,3.7,6.8
"Cicuta douglasii","ensemble_ssp370_2041",658253,59.8,16.9,6,3.6,4.6,9.1
"Cicuta douglasii","ensemble_ssp370_2071",995573,56.1,25.4,6.2,3,3.3,6
"Cicuta maculata","current",760096,64.4,7.6,5.2,6.4,4.8,11.7
"Cicuta maculata","ensemble_ssp245_2041",917876,84.6,11.2,2.8,0.9,0.4,0.1
"Cicuta maculata","ensemble_ssp245_2071",1152730,82.7,12.9,3.1,0.9,0.3,0.1
"Cicuta maculata","ensemble_ssp370_2041",917876,84.1,11.5,3.1,0.9,0.4,0
"Cicuta maculata","ensemble_ssp370_2071",1152730,79.9,14.7,3.5,1.4,0.4,0.2
"Conium maculatum","current",581100,75,5.7,3.6,3.7,3.8,8.1
"Conium maculatum","ensemble_ssp245_2041",709482,49.9,21.8,9.3,7.2,3.8,8
"Conium maculatum","ensemble_ssp245_2071",910253,54.2,22.1,8.2,5.5,3.2,6.7
"Conium maculatum","ensemble_ssp370_2041",709482,48.9,22.3,9.6,6.8,3.7,8.7
"Conium maculatum","ensemble_ssp370_2071",910253,46.2,25.9,10.7,6.7,4,6.5
"Cryptotaenia canadensis","current",224275,56.8,7.3,5.4,9,7.2,14.3
"Cryptotaenia canadensis","ensemble_ssp245_2041",343080,38.6,19.1,24,7.2,5.2,5.9
"Cryptotaenia canadensis","ensemble_ssp245_2071",565904,51,16.6,19.1,6.1,3.8,3.4
"Cryptotaenia canadensis","ensemble_ssp370_2041",343080,36,18.5,25.8,8.7,4.9,6.1
"Cryptotaenia canadensis","ensemble_ssp370_2071",565904,35.5,18.6,23.5,11.4,5.9,5.2
"Daucus pusillus","current",406304,79.2,4.2,2.3,2.4,3.8,8.1
"Daucus pusillus","ensemble_ssp245_2041",537349,75,9.1,7.6,3.2,1.7,3.4
"Daucus pusillus","ensemble_ssp245_2071",756918,75.1,10.6,7.5,2.8,1.3,2.6
"Daucus pusillus","ensemble_ssp370_2041",537349,72.7,10.4,8.2,3.6,1.5,3.5
"Daucus pusillus","ensemble_ssp370_2071",756918,68.6,12.5,10.7,3.3,1.9,3
"Foeniculum vulgare","current",688296,91.1,3.4,1.6,0.9,0.8,2.3
"Foeniculum vulgare","ensemble_ssp245_2041",798610,76.5,12,5.8,2.3,1.5,2
"Foeniculum vulgare","ensemble_ssp245_2071",996742,78.5,10.4,5.3,2.6,1.6,1.6
"Foeniculum vulgare","ensemble_ssp370_2041",798610,75.4,12,6.3,2.7,1.8,1.9
"Foeniculum vulgare","ensemble_ssp370_2071",996742,74.6,10.9,6.2,3.6,2.6,2
"Osmorhiza longistylis","current",399496,66.5,4.3,2.4,4.9,6.4,15.6
"Osmorhiza longistylis","ensemble_ssp245_2041",593480,63.5,15.8,12.1,3.6,2.7,2.4
"Osmorhiza longistylis","ensemble_ssp245_2071",911462,66.8,17.3,9.9,2.3,1.7,2
"Osmorhiza longistylis","ensemble_ssp370_2041",593480,61.7,16.5,13.1,3.3,2.9,2.5
"Osmorhiza longistylis","ensemble_ssp370_2071",911462,56.1,21.3,14.6,4.5,1.5,2.1
"Ptilimnium capillaceum","current",112041,79.7,7.9,2.8,1.9,2.1,5.7
"Ptilimnium capillaceum","ensemble_ssp245_2041",188742,73.5,22.2,2.4,0.6,0.9,0.4
"Ptilimnium capillaceum","ensemble_ssp245_2071",370834,81.2,15.5,2.3,0.5,0.3,0.2
"Ptilimnium capillaceum","ensemble_ssp370_2041",188742,70.3,25,3,0.6,0.8,0.2
"Ptilimnium capillaceum","ensemble_ssp370_2071",370834,77.4,18.6,3.5,0.5,0,0
"Sium suave","current",879565,72,7.3,4.6,3,3.5,9.6
"Sium suave","ensemble_ssp245_2041",1079035,62.8,12.9,8.7,8.7,5.2,1.7
"Sium suave","ensemble_ssp245_2071",1337395,63.8,11.7,7.3,9.3,6.1,1.8
"Sium suave","ensemble_ssp370_2041",1079035,60.5,12.9,8.2,10.4,6,2
"Sium suave","ensemble_ssp370_2071",1337395,54.8,13.7,9.1,10.7,9.5,2.3
"Spermolepis divaricata","current",326035,71.5,9.4,3.2,2.7,5.7,7.4
